169
170
172
173
176
177
179
188
191
197
198
201
202
203
206
207
209
213
226
231
232
233
238
242
243
246
248
254
255
267
271
273
274
279
282
293
294
298
300
302
304
306
310
312
313
318
320
321
322
324
168
216
219
244
261
299
326
330
338
345
351
358
360
365
370
382
393
394
399
410
426
436
439
440
442
443
444
446
450
455
462
466
468
472
473
475
476
478
481
485
487
493
495
503
508
509
511
512
521
523
329
353
363
383
420
474
506
529
2199
2213
2217
2222
2230
2231
2262
2284
2305
2312
2322
2328
2336
2342
2343
2348
2352
2353
2354
2355
2358
2364
2368
2378
2391
2399
2402
2405
2415
3206
3207
3212
3215
3216
3243
3254
3261
3262
3263
3264
3288
3290
297
332
349
409
2202
2205
2242
2251
2252
2279
2311
2337
2347
2409
3253
3280
3289
3301
3303
3310
3317
3320
3321
3323
3331
3338
3342
3346
3347
3357
3358
3359
3360
3364
3376
3401
3406
3410
3424
3439
3441
3446
3461
3468
3477
3488
3490
3504
3511
3514
228
325
334
2196
2225
2228
2244
2275
2290
2318
2349
2419
3208
3314
3325
3332
3334
3355
3385
3402
3425
3429
3430
3440
3447
3452
3473
3487
3510
3521
3524
3529
3530
3533
3563
175
178
192
193
223
236
263
264
305
308
327
336
340
342
343
348
355
366
469
513
516
2223
2267
2333
2370
3229
3236
3241
3247
3318
3428
3436
3471
3520
3538
3540
3548
3551
3561
211
224
249
276
316
344
346
356
359
379
404
414
432
435
452
456
524
525
2207
2214
2240
2270
2307
2308
2315
2340
2198
2269
2296
2382
2398
2403
3258
3266
3270
3409
3412
3502
3543
3560
295
335
501
2215
2237
2345
2356
2360
2372
2376
2389
2393
3224
3269
3305
3312
3315
3344
3362
3365
3373
3378
3393
3415
3422
3438
3453
3455
3458
3469
3497
3498
3506
3515
3547
3553
2210
2341
2384
2390
3564
247
270
461
482
2200
2255
2396
2414
2417
2420
3328
3337
3349
3416
3476
3495
3523
3542
3557
3562
184
194
200
210
221
234
250
259
280
284
301
319
323
328
339
364
373
384
397
400
402
406
407
423
428
380
421
453
2261
2263
2320
2388
3454
3531
204
520
3242
3367
3388
3435
251
262
287
362
375
376
377
403
412
449
451
463
471
2193
2195
2201
2208
2220
2226
2229
2235
2236
2243
2248
2259
2265
2268
2274
2281
2291
2292
2295
2299
2302
2304
3227
3399
3494
3559
253
286
311
2310
2324
2400
2422
3211
3244
3285
3297
3352
3394
3407
3427
3460
185
218
278
368
477
498
500
2293
2313
2330
2395
3232
3295
3343
3379
3383
3426
3443
3465
3516
3526
3534
205
229
237
277
341
357
369
371
2329
2357
3292
3470
167
395
411
433
2280
2314
2406
3265
3306
3353
181
682
688
718
742
768
775
787
803
804
832
888
917
933
948
1619
1630
1646
1648
1667
1672
1699
1702
1706
1734
1748
1756
1765
1775
1776
1778
1782
4610
4628
4630
4642
4662
4699
4709
4734
4738
4749
4829
4890
4891
4895
4898
4916
4918
4919
4954
680
698
724
738
793
878
891
946
1631
1668
1697
1710
1713
1714
1723
1743
1783
1788
4613
4706
4765
4777
4793
4825
4834
4852
4893
4902
685
739
761
776
785
811
818
824
828
841
881
884
890
907
913
919
930
943
950
1608
1678
1722
734
784
951
1679
1736
4616
4631
4675
4770
4781
4802
4836
4882
4915
729
732
857
926
1616
1636
1639
1669
1760
1796
4621
4635
4671
4672
4676
4687
4714
4727
4762
4805
4826
4847
4850
4875
4901
4903
703
731
737
745
746
823
835
846
882
940
719
866
1637
1664
1750
4637
4887
856
910
1634
1647
1700
1752
1792
4624
4715
4760
4779
4806
4877
4889
4940
708
717
762
796
812
815
831
847
852
875
927
1629
1633
1737
1770
4686
4776
4813
4860
4873
4884
4888
4896
4908
4934
4936
4942
4943
696
758
953
1676
1691
1695
4674
705
712
725
837
853
1677
1688
1698
1777
1781
1797
4763
4789
740
774
1613
1712
1717
1800
4640
4663
4691
4803
4900
4952
4958
726
929
1653
4670
4713
4731
4742
4755
4757
4791
4949
690
706
716
750
821
827
767
817
1670
1786
4627
4724
4730
4767
4921
928
944
1665
4794
920
1724
798
954
956
1601
1655
1746
1799
4612
4614
4615
4677
4792
4870
4886
4897
4926
772
945
952
1612
1614
1693
1744
1745
1753
1806
4623
4648
4668
4685
4698
4720
4758
4775
4780
781
1696
4782
850
1666
813
858
861
1675
1780
1803
4656
4733
4869
4894
707
840
879
935
4626
4651
4690
4764
4907
709
842
1624
1726
1790
1804
1805
4822
4947
733
771
849
876
924
941
1656
1703
1759
4639
4641
4701
4839
4859
4906
693
704
922
683
695
699
756
877
4725
1649
1725
4717
4827
713
855
904
1657
4868
887
1735
4661
4679
4748
4885
790
1692
1763
4632
4740
4787
4807
4844
4937
766
938
1625
1652
1658
1680
1708
1791
4814
4866
4874
799
833
848
868
916
1623
1654
1742
722
915
4830
955
4729
697
864
896
4737
4783
4799
854
4899
4909
4933
755
830
1747
1772
4644
4649
4692
4812
700
802
805
807
845
1597
1638
1719
1767
1773
4710
4728
4736
4747
4756
4772
4790
4810
4832
4838
4848
4857
4920
4941
769
777
810
1406
1339
1344
3197
1451
2112
1402
1401
1473
1411
1416
1457
1492
2124
3020
3033
2978
1390
2080
1441
1455
2098
1374
1499
1462
1407
2016
2162
1427
1437
1465
2100
2995
3049
3112
3142
1385
1371
1931
1410
1413
1461
2154
2185
3065
3181
1381
1905
3054
3058
1336
2950
1350
1355
3000
2166
3052
1379
3102
1454
1992
2022
2125
3053
1436
2118
3137
3162
1364
1458
2084
3048
3159
1346
1917
2127
3064
1359
1380
1414
1424
1930
1942
2002
2961
2993
3046
1980
2085
2998
1464
2996
1947
2003
2140
2163
2999
3161
3183
1470
1472
2001
2997
1951
1387
2155
3070
1993
2146
1444
3074
1969
1922
2104
1433
1952
3097
1467
1459
1966
2053
3002
2122
3003
1448
1920
1997
2989
1422
1452
2091
3013
3017
3080
3143
3180
2148
1469
1475
2000
2956
2975
1484
1340
1341
2109
1382
1953
2988
3073
2012
1962
1366
1468
3136
1388
1932
3004
2011
2969
1490
3042
1944
2024
3191
2094
1928
1936
1970
1987
2064
3059
3076
2093
2102
2150
2948
2958
3084
3160
1356
1973
2057
2089
2117
2960
3057
3199
1395
1403
1460
2026
2075
2111
2113
2963
3111
3122
3125
3177
1351
1463
3184
2018
2171
3117
1352
1979
2008
2023
3174
1497
1466
2099
2135
3044
1486
3163
1923
1968
2027
2056
2157
2953
3024
3060
1377
1500
2143
3036
3205
1353
1919
1999
2069
2086
2182
3095
3187
1367
1996
2015
2072
2167
2979
2984
3043
3075
3124
1429
3119
3194
2137
2968
2048
2139
3066
3132
2051
2954
2032
2108
1480
2041
2151
3015
3056
3123
3153
3185
3198
1354
1961
2037
2173
2177
2970
3190
1376
1474
1967
1972
1985
2050
2062
2982
3099
3172
1456
1471
1938
2058
2092
2152
2187
2949
1399
1438
1453
1481
1910
1990
2179
2130
3186
1394
2095
2134
3086
1378
2120
2980
3151
2046
2049
2066
2957
3005
3035
3154
1384
1386
1419
1447
1937
1994
2126
1908
2981
3016
3155
3167
1491
1906
2045
2149
3164
1338
2004
2034
2158
3037
3055
3062
3079
3156
1978
2083
2952
2987
1396
1418
1435
2991
2123
3018
2067
2071
2082
3072
3166
2076
2168
2186
2972
3067
2036
2105
3027
1362
1915
1934
2976
3182
2176
2184
3008
3068
3176
1389
1426
2042
2077
4157
2879
2898
3934
2831
3932
3894
2730
3930
4036
2732
2887
3929
3992
4063
4149
2760
2768
2897
3885
4002
4207
2876
3917
4095
4167
3853
3884
3991
4102
2756
2823
2894
3987
4201
4212
2761
4106
4129
4194
4204
2816
2883
3854
3883
4084
2741
2752
2834
2835
3871
2807
4058
4139
4195
4229
2827
3865
3881
4176
2765
4021
2750
2864
2908
4052
4092
2841
3931
4025
4105
2802
2825
3869
3936
4040
4083
4100
2833
3860
3861
3897
3996
4096
2740
2830
2837
2907
3862
3946
3958
3966
4156
2737
2744
2757
2850
3909
4047
4062
4234
4217
2905
4230
2817
2747
4099
3875
4076
4147
2721
2722
4225
2826
2915
3877
4089
4145
3965
4189
4206
4222
4238
2783
2906
4159
4160
4174
4203
4035
4055
4103
4152
2748
3981
2725
2812
2929
4093
4214
3978
2759
2900
2913
3886
3895
3910
3960
4029
4050
2893
3947
2935
3891
2868
2782
2813
2859
2922
4141
2870
2939
4235
2811
3973
4120
4175
2718
2738
2739
2746
3983
3984
2791
4098
2726
2875
3924
3986
4134
4185
2912
4060
4066
4085
2848
2910
2944
3892
3935
4022
4067
4132
4180
2767
2824
4123
2789
3879
3880
2895
3957
4187
2784
3951
3968
4122
4107
3925
4070
3874
3921
2781
2867
3999
4071
4166
3927
3933
4223
2872
2892
2928
2723
2846
2896
3856
3956
4130
2773
2862
2869
3868
3948
3976
4101
4127
4181
2930
3887
3938
4059
4075
4082
4218
4237
2731
3864
3888
3926
2839
4068
4205
2877
2865
2902
3995
2801
3852
3858
4077
4000
3870
2733
4007
2814
3873
3923
4088
4001
4039
4073
4199
2891
4131
4164
2828
2866
4028
4232
2885
3851
2764
2840
3872
3988
4033
4045
4079
4133
4216
2763
3855
3857
3914
3916
3997
4030
2719
2779
4018
4233
2942
3972
2795
2936
3915
4108
2938
3985
4017
4051
4081
4177
3907
3913
3977
3980
2855
3896
3902
4191
2904
4109
2847
3908
4151
4228
2745
2856
3967
4006
4041
4078
4
28
29
30
36
40
45
48
59
68
75
76
90
100
101
105
120
123
124
159
160
2485
2488
2501
2507
2512
2524
2537
2562
2577
2584
2587
2628
2653
4397
4406
4412
4413
4425
4437
4438
4457
4473
4474
4488
4516
4525
4538
4542
4546
99
140
149
158
2542
2544
2594
4450
4480
4491
4502
4503
4517
4569
4570
4578
4583
4587
4593
7
10
26
53
58
129
2508
2580
2631
2639
4387
4400
4434
4442
4484
4492
4515
4580
4602
11
35
39
55
56
83
91
122
148
151
152
157
110
2522
2622
2583
2633
4555
46
134
144
2526
2530
2533
2535
2556
2575
4392
4531
4541
4545
4549
4562
18
37
42
51
57
62
78
86
108
112
117
119
133
137
164
2490
2493
2528
2551
2567
2578
2611
2657
4388
4398
4401
4421
4423
4432
49
4446
4532
4607
2517
2560
2617
4599
3
9
16
22
33
95
146
2486
2499
2523
2550
2557
4419
4433
4476
4486
4518
4528
4536
4572
4576
4595
0
14
17
32
34
50
70
104
141
2498
2506
2538
2561
2607
2646
4403
4435
4481
4500
4544
94
2510
2569
2585
4405
4469
4590
4411
103
4466
4589
2571
2573
2574
2600
4402
4414
4493
4496
4553
4559
4598
4601
4604
2582
2608
2618
4415
4430
4456
4507
4597
118
2532
2534
2547
2598
2652
2654
2658
4391
4395
4451
4458
4467
4471
4485
4497
4523
4534
2525
2588
4431
4465
4527
4552
4608
2647
4487
87
4447
4577
88
2609
2640
2502
4440
4558
38
97
114
138
4448
4524
4596
4606
80
113
128
2483
2489
2491
2494
2509
2513
2553
2572
2586
2605
2634
4409
4418
4429
4464
4526
4557
12
19
25
2624
2632
2641
2643
4436
2615
4354
1101
4362
4290
4353
4291
1185
4366
4319
4317
4267
1231
4355
4316
4254
4292
4358
1224
4318
4367
4286
1226
4307
4297
4342
1206
1227
4306
1103
4320
1521
4312
4365
1508
1588
1561
1164
4384
1201
4314
1157
1550
4330
1160
1531
1228
1518
4266
1158
1162
1230
4361
1192
4363
1166
1528
1573
1569
4272
1159
1506
4244
4245
1105
1223
1515
1107
1203
4313
1140
1595
4340
4382
1179
4296
4327
4263
4294
1543
1577
4249
1122
1560
1187
1119
1108
1104
1144
4374
1150
1534
1570
1545
1135
4283
1215
4302
4364
1129
1536
1110
4357
1124
4328
4377
1161
1190
1125
1546
1574
1520
1527
4248
1121
4385
4247
4332
1176
1501
4277
4372
1134
4383
1199
1222
1592
4341
1565
1579
4308
1147
1512
1571
4334
1535
4262
4326
4264
1516
1137
4305
1146
1559
1116
1186
1503
1189
1209
4250
1156
4287
1211
1172
4345
1183
1551
1102
1566
1218
4373
1145
1182
1109
1517
1118
1210
1216
4299
4269
1100
4295
1596
1126
1173
1220
4281
1578
1594
4321
1586
1154
1523
1583
4310
4311
4241
1152
4360
1552
1171
1194
4265
4285
4303
1130
1133
1502
1510
4279
4304
1184
4347
1537
1582
1057
1090
1081
1048
3579
967
987
999
1013
3573
3593
3648
1825
1889
1874
1080
1092
1064
1835
1094
3695
1003
3587
3677
3689
3692
1030
1830
1833
1079
3620
1006
1042
1847
994
1878
1895
1061
3606
1899
3590
3575
975
1021
3654
1008
1820
3580
3616
3694
1082
1005
1873
3644
1856
3663
1829
965
1812
1844
3612
3629
1041
986
1836
3622
3583
1049
1033
1815
1888
1054
1074
1851
3673
1896
3649
3630
1837
3652
3581
1855
3570
3668
3683
3687
3696
1897
1863
990
963
3586
1843
1861
1864
1879
3670
1060
960
1027
3572
3697
1842
1849
1865
3592
3628
1016
1010
1832
1001
1098
1903
1009
1004
1089
1814
966
3596
3675
1086
1045
1866
1816
1828
3637
3655
1860
1893
3599
3627
1007
1072
1819
1892
3623
3641
3678
3643
1087
1852
1891
1822
1839
1898
3607
3621
3665
1043
1823
3657
1050
1882
1900
970
1890
1811
3619
1018
1019
957
3656
964
1880
1078
1845
1883
1056
969
1884
959
996
1071
1808
3582
1809
993
1838
1848
1853
1857
979
1026
3598
3600
1817
3611
1083
3574
983
1869
1894
1872
1055
3608
3625
3653
3672
1870
962
3589
537
551
560
561
565
576
582
605
606
607
620
623
624
627
643
650
3763
3775
3797
3815
3821
534
547
553
562
577
592
593
611
632
641
669
2683
2699
2710
3773
3802
3818
3823
3831
539
554
600
636
655
663
2663
2664
2703
3777
621
659
3841
3845
530
549
559
598
604
633
654
658
674
2666
2671
3807
3820
3832
3846
556
570
578
601
617
660
673
2669
2696
2697
2705
2706
3784
3795
3824
3842
3848
538
541
552
567
584
634
3764
3768
3779
3796
3843
531
533
546
670
675
557
642
3801
644
647
2670
2688
3765
3776
3781
3783
3810
573
574
587
603
622
628
631
648
652
668
679
2667
2674
2700
3799
3816
3822
3830
3839
564
572
575
580
586
589
619
625
666
2711
3785
3806
3825
3826
3827
3829
543
637
3791
566
638
662
2672
1330
1317
1242
1331
1320
2475
1269
1270
1306
3734
3737
1302
2481
3719
1274
3721
1250
1279
3739
3760
1293
1245
1321
1286
3713
2427
2460
2480
3706
1300
1264
3736
3733
1301
3728
1268
3703
3751
2457
1239
1313
3707
3714
1278
1312
2454
1282
2429
2433
1272
1305
3752
3725
1319
1246
2461
2473
3740
1261
1294
3746
2442
1325
1314
2434
2439
3754
1259
3741
1240
1307
3710
1255
1276
1277
2471
1287
2440
1251
1252
1265
2432
3720
1323
1311
3726
1299
2448
2450
3757
1315
2467
3724
1236
3699
3701
2464
2436
1324
1329
2451
3756
2426
2449
1247
1258
1281
1297
2431
3727
1275
1254
2476
3759
1288
3712
1257
4971
5136
4974
5006
5023
5049
4977
4987
5007
4975
4972
5144
4965
5010
5138
5005
5099
5127
4993
5003
5078
4996
5132
4970
4973
5046
5109
5009
5077
5116
5028
5133
5154
5038
5093
5071
5135
5001
5095
4982
5091
5105
5060
5047
4969
5143
5149
5000
5118
5130
4998
4964
5090
5048
4992
5142
5087
4966
4995
5013
5032
5098
5125
5129
5153
4985
5037
5069
5096
4994
5079
5097
5101
5002
4963
5085
4961
5011
5020
5076
5102
5114
5120
5150
4967
5148
5017
4988
5036
5117
5152
4997
5025
5043
5073
5104
5106
5134
5059
5062
5034
5033
5086
5131
4976
