1270
1317
4290
1269
4157
1272
4971
3706
2879
2898
1293
1306
3934
1301
2831
3932
4354
1090
3736
3894
1278
2730
3930
4036
1321
1242
1331
2732
2887
3754
3929
3992
4063
4149
4267
1307
2760
2768
2897
3885
4002
4207
4291
1300
2440
2876
3738
3917
4095
4167
1330
1319
2905
4319
4366
2825
2480
4204
3978
4139
4191
4292
1304
2750
2869
3874
4105
4307
3737
4029
1406
4367
4364
2747
2892
3909
3987
4082
4974
1057
1082
2752
3734
3860
3897
3984
1339
2716
2823
2837
2883
2906
3871
3884
3936
3960
4025
4176
4975
1344
4195
2816
1320
4231
2746
2756
4189
4245
1313
2765
3910
4040
3709
3924
4217
1239
4052
4085
2744
2870
2907
3957
3966
4222
4084
3712
2481
2737
2802
2864
3864
3865
3982
4035
4089
4134
2475
1473
1485
2738
2830
3759
3875
4023
4096
4317
3060
1411
3967
3033
1305
4047
4214
1228
2740
3931
4235
2893
3593
4358
2761
3858
4058
3853
4147
1223
2457
2822
2868
4106
4353
3579
2473
2726
3752
3877
3951
3958
1114
2454
3756
4201
987
2807
2814
2835
2939
3973
1164
2900
3721
4098
4973
5002
1108
2826
3965
3996
4092
4160
1286
1048
3757
4101
2425
4318
3872
1518
3891
4365
1201
2429
3862
3980
2783
2812
2859
3861
4107
3919
4205
5006
5116
967
2444
2718
2833
3720
3975
4229
4961
2722
4194
1101
1187
2467
1246
1410
2112
2915
4076
4103
4230
2077
1276
1380
3064
3883
1224
2759
4174
1273
1311
3935
3938
2449
2935
3946
4166
1413
2080
4099
1390
2838
3981
4969
4977
1231
1079
1569
1874
2908
2929
1226
1261
2902
3954
4234
3727
2853
4285
5010
1416
2889
2944
4127
4159
4240
1378
994
2782
3196
3985
4075
4218
4219
4970
5046
1105
1159
1237
4050
2464
1315
4206
1247
2442
4987
1248
3719
3852
4100
4151
2881
3995
2433
3986
1953
2841
3112
3991
4004
1203
1294
2426
2817
4093
2993
3714
1199
2453
3741
3855
4060
4145
4316
3698
1302
2734
3572
4212
3620
1441
1499
2815
3977
4083
4233
5048
1472
2875
1550
1280
1515
4216
2754
1279
2446
2801
2910
5095
2931
2895
2975
1274
1285
1893
2842
3873
3927
4154
1334
1930
2145
2748
2758
2922
3925
4021
4039
1129
1102
2082
4044
4077
4081
4130
999
3850
3994
4102
1877
2430
1229
1265
1381
1571
2428
2451
2791
1287
1264
2867
2886
2799
3699
3751
4156
1387
3746
3886
3892
1385
4123
1134
2165
2811
3053
3732
4070
4185
2725
2742
1271
1281
1414
1206
2739
2784
3692
3937
1103
1512
1521
3972
4362
1227
2436
2885
2988
3895
3983
1388
4165
4248
5031
3748
1165
1537
2431
1314
4131
2455
1951
4313
1275
1249
2022
3976
2727
1359
1100
3725
1168
2069
2963
5016
5109
1005
1149
2741
2850
4137
4141
5047
1295
1290
1312
2124
4066
4124
1355
1992
2930
4363
4
28
29
30
36
40
45
48
59
68
75
76
90
100
101
105
120
123
124
159
160
169
170
172
173
176
177
179
188
191
197
198
201
202
203
206
207
209
213
226
231
232
233
238
242
243
246
248
254
255
35
55
219
228
244
261
267
274
280
293
294
298
299
304
310
312
313
320
321
324
326
330
332
336
338
345
349
351
353
358
360
363
365
370
382
383
393
394
399
410
420
423
426
432
436
439
440
442
443
444
94
149
154
168
216
273
295
302
306
322
355
446
450
455
462
466
468
472
473
474
475
476
478
481
485
487
493
495
503
506
508
509
511
512
521
523
525
529
537
551
560
561
565
576
582
605
606
607
620
623
53
129
271
282
318
334
516
524
547
562
641
643
650
682
688
718
742
768
775
787
803
804
832
888
917
933
948
1619
1630
1646
1648
1667
1672
1699
1702
1706
1734
1748
1756
1765
1775
1776
1778
1782
2199
2222
2230
2262
2279
2284
58
140
300
340
611
680
698
776
878
946
1649
1694
1723
1743
1788
2205
2215
2217
2225
2228
2248
2251
2252
2305
2312
2318
2322
2328
2333
2335
2340
2342
2343
2348
2353
2354
2358
2364
2368
2378
2384
2389
2391
2399
2402
2405
2409
2415
2485
2507
278
297
342
356
380
452
456
459
593
732
745
798
817
818
856
1629
1679
1713
1714
2196
2210
2231
2275
2316
2326
2349
2355
2360
2403
2488
2512
2522
2524
2526
2535
2537
2540
2562
2569
2572
2584
2587
2594
2628
2653
3206
3208
3212
3215
3216
99
110
221
223
308
409
513
624
627
734
784
785
835
891
1631
1685
1712
1722
2269
2347
2388
2643
3241
3243
3254
3261
3263
3264
3288
3289
3290
3303
3310
3314
3317
3320
3323
3331
3338
3342
3347
3357
3359
3360
3364
3373
3376
3401
3404
3406
49
151
329
366
453
520
696
731
852
877
881
1639
1647
1668
1678
1698
1710
2200
2237
2337
2341
2352
2357
2382
2400
2582
2622
2632
2633
2634
2636
2646
3218
3269
3270
3301
3321
3325
3332
3334
3358
3410
3424
3425
3428
3441
3452
3454
3461
3468
192
421
724
857
1680
1736
1783
2213
2296
2329
2390
2420
2501
2523
3211
3262
3355
3367
3427
3429
3430
3439
3446
3490
3502
3504
3510
3511
3521
3533
3535
3542
3563
3763
3775
3797
3802
3818
3821
3823
4412
4425
4438
4474
4488
4502
4531
4569
4570
4578
178
236
259
270
279
761
919
920
1700
2314
2356
2376
2508
2683
2710
3207
3229
3242
3247
3385
3493
3514
3524
3530
4397
4413
4431
4437
4460
4473
4525
4542
4555
4587
4593
4607
4662
4699
4705
4793
4806
4820
4829
4834
4882
4890
4893
4915
4919
10
276
359
767
788
907
926
956
1670
1750
1777
1786
2242
2320
2396
3224
