1270
1317
4290
1269
4157
1272
4971
3706
2879
2898
1293
1306
3934
1301
2831
3932
4354
1090
3736
3894
1278
2730
3930
4036
1321
4149
1330
3853
1101
1237
4095
1228
3992
4319
1057
1331
1239
2756
2816
4139
2757
4195
2833
2897
3874
4040
1242
1300
3910
3987
1329
2480
3862
2765
1286
1279
2837
2760
3978
4002
4029
4160
1307
2835
2902
4058
4081
1305
1320
1323
2759
2825
3572
3752
4025
4318
2893
2869
1313
3734
3871
3737
2429
3965
3860
4254
2459
987
2740
3733
3931
4089
1082
2783
4204
4314
1406
4
28
29
30
36
40
45
48
59
68
75
76
90
100
101
105
120
123
124
159
160
169
170
172
173
35
55
176
177
179
188
191
192
198
201
202
203
206
207
209
213
216
226
231
232
233
238
242
243
246
94
149
154
168
197
248
254
255
261
267
271
274
282
293
298
300
302
304
306
312
313
320
321
322
324
53
129
294
297
299
310
330
336
338
345
349
351
353
355
358
360
365
393
394
399
409
410
420
426
432
58
140
219
