4092
4195
2798
4050
4103
2749
4036
3987
4135
4045
2816
4073
4188
2892
4130
2791
4096
2890
4145
2748
4148
4162
2807
2799
3998
2864
3954
2827
2877
4197
2878
4207
4127
4034
3999
4205
4210
2015
4157
2815
4166
4026
2849
4201
3900
2824
2861
4029
2994
2964
4137
2869
2883
2933
2887
2803
4212
3857
4106
3950
2830
4062
4001
4054
3872
4031
4040
4129
2885
3992
3915
2790
4084
3981
3856
2917
2910
3853
4086
2875
3862
2801
2842
2922
3876
2821
2909
1206
3966
4064
4078
4109
2898
4191
2837
4177
2865
2899
2881
4175
