169
170
172
173
176
177
179
188
191
198
201
202
203
206
207
209
216
226
231
232
233
238
242
243
246
248
254
255
261
267
271
273
274
282
293
294
298
299
300
304
306
310
312
313
320
321
322
324
330
338
192
193
279
302
318
343
345
348
351
353
355
358
360
363
370
382
393
394
399
410
420
426
432
436
439
440
442
443
444
446
450
455
462
466
468
472
473
475
476
478
481
485
487
493
495
503
508
509
511
512
168
228
297
334
336
349
383
435
474
506
520
521
529
2196
2202
2213
2217
2222
2223
2225
2228
2230
2262
2275
2284
2305
2312
2318
2321
2322
2328
2341
2342
2343
2348
2352
2353
2354
2358
2360
2364
2368
2378
2391
2399
2402
2405
2409
2415
3206
197
244
326
332
365
2198
2199
2215
2242
2248
2269
2279
2320
2326
2403
2420
3208
3212
3215
3216
3224
3236
3243
3254
3261
3263
3288
3290
3297
3301
3318
3320
3323
3331
3338
3347
3357
3359
3360
3364
3373
3376
3402
3404
3406
3410
3422
3424
3425
3429
213
325
479
513
2244
2252
2329
2333
2335
2337
2340
2347
2384
3218
3241
3253
3264
3285
3303
3317
3321
3358
3367
3385
3401
3415
3428
3439
3441
3446
3452
3461
3468
3477
3490
3504
3506
3510
3511
3514
3515
3521
3529
3530
3561
3563
178
194
200
219
356
409
523
524
2316
2336
2355
2388
2390
3229
3296
3314
3325
3332
3334
3355
3409
3430
3475
3487
3524
3525
3533
3548
3560
184
223
236
250
264
305
308
329
342
344
346
359
379
384
414
452
516
525
2205
2231
2240
2251
2261
2267
2270
295
340
469
2357
2400
3227
3262
3283
3310
3346
3412
3438
3455
3471
3498
3502
263
276
278
421
501
2200
2207
2220
2265
2296
2345
2349
2356
2372
2389
2395
2406
2412
3207
3211
3235
3242
3247
3258
3269
3270
3305
3312
3315
3342
3344
3362
3365
3368
2370
3265
3266
3436
3454
3473
3488
3542
3557
327
400
463
482
2214
2302
2373
3244
3255
3289
3293
3378
3393
3416
3453
3493
3520
3523
3531
3540
3547
3551
3553
3559
175
185
210
218
221
222
224
234
247
259
270
280
284
287
319
323
339
2249
3447
3562
386
402
407
412
451
456
519
2314
2330
2376
3231
3427
3458
3466
3495
204
211
286
335
362
366
376
377
397
406
411
419
438
490
502
2193
2195
2201
2208
2226
2229
2235
2259
2264
2274
2281
2291
2292
2295
2299
2304
2306
3232
3351
3399
3558
2237
2250
2307
2383
3394
3497
3556
237
249
364
368
404
433
445
459
500
522
2294
2374
2418
3230
3306
3328
3340
3443
3459
3526
181
187
205
230
241
245
251
262
275
316
317
328
341
354
369
403
405
427
449
417
2263
2351
2366
2393
3449
283
301
380
494
505
515
3353
288
307
375
388
2255
2324
2396
2419
3213
3287
3337
3343
3349
3371
3396
3435
3564
167
225
277
357
371
428
499
514
2236
2243
2256
2268
2277
2310
2313
2319
2401
2414
3219
3225
3418
3534
182
461
471
3433
3460
3516
311
3223
3280
3309
3381
3387
3405
3407
3465
3476
3509
3545
253
337
398
408
458
489
492
2308
2315
2379
3217
3228
3273
3383
3397
3469
3481
3491
3541
3543
3544
214
257
418
424
434
437
464
477
484
688
724
732
739
742
776
787
803
817
828
846
856
891
917
933
1608
1619
1630
1648
1702
1713
1722
1723
1743
1748
1765
1775
1776
1782
1788
4628
4630
4642
4662
4705
4724
4727
4749
4805
4806
4829
4834
4836
4850
4852
4882
4891
4895
4902
4919
682
685
729
740
762
784
811
847
881
919
943
946
1646
1647
1649
1694
1706
1734
1750
1778
1783
4613
4616
4675
4709
4734
4738
4765
4777
4781
4868
4900
4918
4952
718
731
734
745
785
818
841
853
875
878
884
888
890
907
926
930
696
944
1631
1668
4631
4699
4792
4793
4825
4826
4860
4875
4890
4915
767
775
804
832
905
956
1613
1616
1629
1639
1699
1714
4610
4714
4758
4794
4889
4893
4903
4936
4958
703
757
761
768
771
788
821
823
913
915
929
948
953
1634
1653
816
910
927
1657
1667
1669
1672
1679
1710
1736
4692
4824
4916
716
774
814
824
835
1700
1756
1760
1792
1796
4715
4907
4954
705
758
882
1670
1677
1698
1752
1781
4624
4659
4706
4722
4760
4813
4814
4869
4887
4894
4896
4921
4934
4940
4943
4949
902
920
1697
4669
4898
815
1636
1777
4665
4672
680
694
712
726
798
857
1678
1691
1696
1770
4671
4691
4733
4885
4901
706
738
866
1601
1624
1654
1655
1688
1712
1737
1790
1799
1806
4654
4686
4690
4713
4757
4762
4800
4802
4839
4908
4942
690
859
951
1642
837
1666
4789
737
746
850
954
1709
1726
1797
4701
4779
4822
4877
4888
707
719
855
904
928
1745
1780
1800
4640
4763
4827
4911
4924
698
704
708
713
750
781
796
808
827
1609
1658
4609
4623
4635
4639
4661
4668
4720
4775
813
852
4703
877
1664
1786
4674
4803
805
909
4897
772
895
1703
4670
858
940
952
1675
1693
4651
4653
4656
4698
4730
4764
4847
4873
4909
764
766
861
876
945
1651
1656
1735
1763
1804
1805
4621
4632
4725
4742
4783
4807
4926
717
733
793
1637
4752
4767
1665
1676
1759
699
812
955
1705
4676
4755
906
4627
4731
844
868
4667
4687
4791
4832
4884
848
1650
1773
4626
4663
4748
4798
4823
4857
4957
721
765
826
911
1612
1633
1680
1692
1708
1719
1746
1753
4615
4649
4679
4685
4740
4773
1457
3033
1344
1473
1339
1416
1942
1401
1464
1410
1485
3142
1492
1944
2080
2997
1381
2145
2993
1390
1451
3197
1951
1413
1406
1462
2069
1411
1499
2098
3052
1414
2125
3196
1953
1402
1931
3060
3064
1437
1962
1993
2026
2099
3000
3020
2082
2124
3002
1371
1484
1385
1472
3053
1969
2022
1359
1952
2034
2969
1454
2112
2960
3137
1497
2988
3065
3112
1970
2990
3179
2958
2999
3070
1394
2166
1382
1467
1917
1992
2016
3003
3044
3057
3058
3181
1932
1391
1922
2023
2084
2957
2961
2975
2995
1470
1906
2163
3074
1340
1364
2127
2148
3048
2122
2963
1346
2012
1471
2978
1427
1465
3046
1355
1486
1449
2105
3004
3049
1366
2157
3162
1379
1403
2064
3102
1405
2003
3109
2182
3095
1441
1965
2128
2150
3018
3110
3017
1407
1494
1348
1463
1468
1997
2981
1431
1386
1398
1436
3042
1380
3023
2100
1990
2118
3198
1979
3180
1456
1987
2049
2110
2155
3075
3076
3117
1938
2968
3182
1425
2000
2035
2174
1447
1964
2956
1500
1972
3151
2018
1928
3194
3159
1947
1480
2053
2056
2093
3036
3072
3079
3084
3013
1374
1469
2102
2970
3051
3066
3114
2136
2158
1433
2116
3118
1334
2076
2077
2137
2948
2952
3174
1982
2001
2017
1986
2177
2051
3104
3127
3136
1491
1966
1973
2048
2065
2140
2185
2974
3097
3177
1435
1438
2947
2949
3029
3108
3199
3025
1372
1452
1920
1929
1948
2066
2121
2146
3008
3040
3041
2085
2996
1481
2179
1999
1415
1448
1995
3122
2015
2024
2141
1354
1478
2009
1377
1418
1908
2083
3009
3038
3094
3155
1356
1445
1475
1419
1428
1444
1930
1936
1946
2089
2123
3071
2967
2031
2039
2117
2129
2966
3163
1341
1430
1455
1959
2008
2011
2953
2139
2172
2156
2109
2067
2113
2007
2120
3014
1420
1926
2114
2950
1910
1933
1985
2190
3006
3080
1905
1429
1918
3022
1440
1949
2184
2982
3165
1349
1362
2994
3001
3103
1984
2027
2111
2119
2143
2191
2980
3067
3195
1375
2013
2142
2962
2976
3167
3168
1426
3043
3073
1399
1345
3085
3119
1439
2991
1453
2041
2072
2165
2178
3068
1432
3081
2151
2152
3063
3096
3124
1915
2058
2106
2984
2071
2188
3106
1350
1923
2164
2979
3024
3032
1337
1446
2020
2147
3087
3176
3186
3200
1941
3059
3083
3107
3146
1994
2043
2086
2175
2812
3932
4149
2747
3871
4157
2893
3883
3992
4139
2757
2876
2908
4222
2823
3862
3881
3987
2887
2897
4217
2722
2765
2817
2837
2864
3996
4083
4176
2740
2760
4058
4109
2875
2879
4047
4052
4195
2741
2816
4025
2761
2850
2892
3925
3930
4167
2716
2734
2896
2898
4002
2754
4036
4160
4106
3894
2868
2768
4095
2752
2783
2732
2826
3860
4122
2730
2737
2811
3853
3931
3954
4084
2869
2726
2739
2831
3875
3917
3936
4040
4100
4234
2794
2900
3884
3909
3924
4050
4099
4102
4127
4166
2756
2825
3850
3981
4152
4154
4214
2784
4107
4194
2913
3958
4175
4231
3854
4082
3978
4235
2830
3951
4134
4081
2846
2835
2944
3934
3965
4205
3861
2828
2930
4120
4174
2931
3929
2807
2922
3865
3869
3891
4004
4101
2767
2843
2914
4098
4145
4187
4218
4230
2763
2842
2907
2937
3855
3878
3997
2906
4203
3947
2815
2905
4093
2798
4035
4131
4089
4229
3914
4103
4164
4066
4133
3933
3986
4159
2782
3960
4027
4028
4030
4063
4092
2870
4064
4191
3858
3910
3983
4105
2738
2902
3888
3968
3975
4123
2723
3892
4059
2886
3927
4021
4039
4204
2721
3852
3966
2881
3873
2759
2791
2833
2865
2878
2929
3973
3985
2727
2854
2895
3938
4233
4238
2746
4055
4076
4156
4227
2872
3897
4075
3880
3974
3976
4019
4185
4225
2748
3956
4065
2789
3886
3995
4049
4061
4189
4199
4207
2935
3919
3946
4062
4073
4169
2718
2874
3879
2928
4097
2852
2936
4045
4088
3988
2772
2725
2731
4078
2799
4041
4070
4141
3908
3998
4147
3923
4209
3977
4158
4237
2728
4085
2802
2855
4007
4210
2853
3991
4096
2824
2844
2918
3963
3993
4068
2744
2777
4206
2749
3942
4018
4038
4060
2819
3872
4001
4031
28
29
36
40
45
48
59
68
75
76
90
100
101
105
123
124
149
159
2488
2501
2507
2508
2512
2524
2544
2562
2577
2584
2587
2628
2653
4406
4413
4425
4438
4457
4460
4473
4474
4488
4502
4525
4569
4587
4593
4607
4608
4
10
26
53
129
151
2572
4397
4437
4491
4515
4555
4570
4580
58
160
2485
2526
2633
2657
4392
4398
4450
4465
4480
4484
4527
4541
4552
4578
30
35
49
55
120
134
158
2517
2537
2556
2600
2622
2639
4387
4400
4433
4434
4442
4446
4492
4497
4516
4542
2535
2632
2661
4405
4467
4596
2522
4469
87
99
104
140
2525
2528
2611
2631
4401
4432
4456
4478
4549
4562
4602
14
16
34
46
52
56
57
70
72
78
83
86
94
95
103
108
110
122
133
144
154
2505
2523
2533
2547
2557
2560
2542
2511
2583
2630
4430
51
112
2510
4411
4440
4545
4572
4581
11
37
41
44
50
102
119
164
2506
2534
2551
2571
2578
2598
2607
4388
4407
4423
4531
4546
4558
4599
4601
0
3
9
17
22
32
33
39
62
91
97
141
146
152
116
2497
2569
4517
4590
2493
2499
2567
2646
2652
4403
4419
4475
4598
2550
2654
4559
4604
25
42
118
2575
2608
2643
4455
4471
4589
4597
4603
114
2483
2491
2538
2561
2574
2576
2585
2609
2641
4395
4414
4436
4448
4451
4481
4493
4496
4503
4518
4523
2513
2540
2617
2636
4429
4447
4500
2490
2530
2573
2586
2647
2658
4556
4557
2553
2618
4458
4506
4524
4576
121
2486
2509
2588
2648
2649
4418
4449
4487
4533
4534
12
38
113
117
138
157
162
2532
2549
2605
2655
4409
4421
4424
4435
4476
4485
4486
4499
4553
4579
4591
4595
2615
2614
4412
4528
4584
19
23
61
125
4353
1218
4319
4362
4290
1101
4312
4364
4366
1231
4365
4317
4314
4297
1216
1226
1506
4318
4267
4306
4291
4354
4367
4307
4254
4313
1570
1105
4244
4285
4245
4316
4320
1588
4295
1161
1223
1575
1157
1227
4303
1511
1119
1220
1571
1166
1518
1573
1103
1529
4358
1521
1185
4286
4385
1528
1164
1159
1229
1569
4264
1114
1122
1187
1233
4357
4371
4327
1140
4359
1150
4287
4272
4296
4310
1507
1107
4328
1165
4263
4270
4377
1230
4277
1110
1124
1170
1190
4248
1173
1515
1523
1562
1168
1126
4360
4380
1132
1135
1158
1160
1192
1545
4347
4373
4330
1502
4250
4280
4379
1512
1535
1125
1516
1578
1163
4372
1178
4351
1574
1235
1530
4266
1162
4261
1509
1211
1514
1552
1579
1206
1536
4240
4338
1102
1176
1546
4274
4375
4311
1534
4249
4269
4282
4305
4352
4259
1153
1553
1593
4355
4292
1527
4361
1554
4265
1204
1117
1543
1582
4384
4374
4288
1121
1130
1531
4293
1104
1585
4302
4329
4339
4262
1201
1116
1129
1139
1205
1522
1191
1111
4294
4350
1577
4298
1197
1172
1501
4308
4278
4331
1123
1144
1148
1542
1565
1567
4349
1219
4258
4344
1503
1583
4304
1541
1547
1525
4299
1513
1519
1558
4260
1533
1174
1580
4342
1171
1131
1222
4376
1189
1134
1561
4301
4332
1551
1559
1590
4289
1194
1212
1149
4334
1106
1147
1555
1221
1591
1594
4239
4271
4337
4281
1186
1143
1175
1209
4252
1592
4382
1155
1596
4343
4325
1196
1508
4246
1557
4243
1152
1586
1581
4257
1563
4368
1137
1587
4283
1213
4378
1564
4284
1520
1584
1208
1556
1539
1568
4381
1510
1113
1145
4323
4369
1224
1505
4340
4356
1136
1550
1572
1146
1188
4348
1115
1532
1560
1576
4309
4326
4321
1549
1504
1151
4273
1589
4247
4341
1203
1193
1169
1215
1118
1210
4336
1538
4363
4253
1156
1228
4242
1202
4333
1142
1090
1057
1081
1048
3579
967
3593
999
987
1895
3689
3648
1893
3572
3592
3620
1042
3568
3573
1825
1068
3642
3616
1889
3656
1008
1861
1013
1874
977
1056
1835
3586
1025
3583
1030
3655
1089
1816
1093
1003
3692
1877
975
979
1002
1875
966
3606
1819
1873
1082
3683
1021
1831
986
1005
1063
990
1079
3612
1878
1061
1092
1828
1836
1842
3694
1837
1830
3622
3623
3629
1820
1016
3644
3580
969
1833
3577
1086
1886
1899
1064
1824
1033
1060
3569
3627
3643
1814
965
1857
1860
3645
1053
1864
3631
3641
3687
998
1826
1815
1896
3618
1809
1044
964
1074
1897
3659
1024
1841
3632
1019
1851
1845
3670
1004
1838
3696
3667
962
984
1811
1817
3646
1847
1832
973
1888
3574
3565
3630
995
1812
1850
1891
3600
1015
1041
1866
3619
1047
1855
1072
1879
3660
1054
1099
1094
1849
1823
1097
3673
3680
3575
3603
1807
1050
1017
1078
1007
1043
1898
3571
1813
1010
1808
3657
3658
1871
983
1095
1901
3588
3621
3671
1037
3608
1026
1032
1827
1844
3672
1076
1863
1045
1009
1900
980
981
1071
1862
3587
3594
1066
1821
1876
3653
1036
1810
3697
1829
1840
1051
1884
1077
3614
3628
3678
3595
989
970
1892
1098
1882
3597
3582
3566
1880
1000
1085
3590
3598
3682
1904
3570
3664
958
1852
1867
1903
1029
1853
3665
3695
3585
1012
3596
997
1087
1854
1858
1902
1018
1894
3681
1073
1091
3663
991
1035
963
1856
3599
3584
547
553
560
562
565
576
605
606
611
620
627
641
650
3763
3775
3797
3802
3815
3818
3821
534
537
551
561
577
582
592
593
607
623
624
636
643
2683
2699
2710
3823
554
600
621
633
654
659
663
669
2664
3773
3777
3831
3832
539
632
655
2663
2703
549
604
658
674
2666
2671
3807
3820
3824
3841
3845
3848
530
556
559
578
598
601
617
660
673
2669
2696
2697
2705
2706
3784
3795
3842
3846
538
541
552
1242
1331
1317
1330
1293
4974
5002
4998
4969
4971
5116
5136
4975
5046
5077
5154
4965
5010
5007
4973
5013
5048
5071
4970
4977
5006
4996
5109
5144
5149
5132
4993
5003
5095
5133
5069
4982
5091
5143
4961
4992
5023
5093
5135
5153
5022
5127
5038
5005
5047
5011
5016
5060
4966
5043
5138
5099
5009
5031
5028
5086
4999
5118
4972
5078
5102
4987
5094
5042
5080
5025
5037
5075
5097
5012
5073
5082
5125
4967
4988
4994
5036
5130
5074
4976
