1270
1317
4290
1269
4157
1272
4971
3706
2879
2898
1293
1306
3934
1301
2831
3932
4354
1090
3736
3894
1278
2730
3930
4036
1321
1242
1331
2732
2887
3754
3929
3992
4063
4149
4267
1307
2760
2768
2897
3885
4002
4207
4291
1300
2440
2876
3738
3917
4095
4167
1330
1319
2905
4319
4366
2825
2480
4204
3978
4139
4191
4292
1304
2750
2869
3874
4105
4307
3737
4029
1406
4367
4364
2747
2892
3909
3987
4082
4974
1057
1082
2752
3734
3860
3897
3984
1339
2716
2823
2837
2883
2906
3871
3884
3936
3960
4025
4176
4975
1344
4195
2816
1320
4231
2746
2756
4189
4245
1313
2765
3910
4040
3709
3924
4217
1239
4052
4085
2744
2870
2907
3957
3966
4222
4084
3712
2481
2737
2802
2864
3864
3865
3982
4035
4089
4134
2475
1473
1485
2738
2830
3759
3875
4023
4096
4317
3060
1411
3967
3033
1305
4047
4214
1228
2740
3931
4235
2893
3593
4358
2761
3858
4058
3853
4147
1223
2457
2822
2868
4106
4353
3579
2473
2726
3752
3877
3951
3958
1114
2454
3756
4201
987
2807
2814
2835
2939
3973
1164
2900
3721
4098
4973
5002
1108
2826
3965
3996
4092
4160
1286
1048
3757
4101
2425
4318
3872
1518
3891
4365
1201
2429
3862
3980
2783
2812
2859
3861
4107
3919
4205
5006
5116
967
2444
2718
2833
3720
3975
4229
4961
2722
4194
1101
1187
2467
1246
1410
2112
2915
4076
4103
4230
4
28
29
30
36
40
45
48
59
68
75
76
90
100
101
105
120
123
124
159
160
169
170
172
173
176
177
179
188
191
197
198
201
202
203
206
207
209
213
226
231
232
233
238
242
243
246
248
254
255
35
55
219
228
244
261
267
274
280
293
294
298
299
304
310
312
313
320
321
324
326
330
332
336
338
345
349
351
353
358
360
363
365
370
382
383
393
394
399
410
420
423
426
432
436
439
440
442
443
444
94
149
154
168
216
273
295
302
306
322
355
446
450
455
462
466
468
472
473
474
475
476
478
481
485
487
493
495
503
506
508
509
511
512
521
523
525
529
537
551
560
561
565
576
582
605
606
607
620
623
53
129
271
282
318
334
516
524
547
562
641
643
650
682
688
718
742
768
775
787
803
804
832
888
917
933
948
1619
1630
1646
1648
1667
1672
1699
1702
1706
1734
1748
1756
1765
1775
1776
1778
1782
2199
2222
2230
2262
2279
2284
58
140
300
340
611
680
698
776
878
946
1649
1694
1723
1743
1788
2205
2215
2217
2225
2228
2248
2251
2252
2305
2312
2318
2322
2328
2333
2335
2340
2342
2343
2348
2353
2354
2358
2364
2368
2378
2384
2389
2391
2399
2402
2405
2409
2415
2485
2507
278
297
342
356
380
452
456
